# oST version 5.0 parameters


[image]

width
1280

height
720

[narrow_stereo]

camera matrix
1224.380464 0.000000 648.642644
0.000000 1217.810177 379.783740
0.000000 0.000000 1.000000

distortion
-0.715645 0.446356 -0.053814 -0.025918 0.000000

rectification
1.000000 0.000000 0.000000
0.000000 1.000000 0.000000
0.000000 0.000000 1.000000

projection
938.466736 0.000000 587.646521 0.000000
0.000000 1136.135742 360.067742 0.000000
0.000000 0.000000 1.000000 0.000000

