image_width: 1280
image_height: 720
camera_name: head_camera
camera_matrix:
  rows: 3
  cols: 3
  data: [1224.380464, 0.000000, 648.642644, 0.000000, 1217.810177, 379.783740, 0.000000, 0.000000, 1.000000]
distortion_model: plumb_bob
distortion_coefficients:
  rows: 1
  cols: 5
  data: [-0.715645, 0.446356, -0.053814, -0.025918, 0.000000]
rectification_matrix:
  rows: 3
  cols: 3
  data: [1.000000, 0.000000, 0.000000, 0.000000, 1.000000, 0.000000, 0.000000, 0.000000, 1.000000]
projection_matrix:
  rows: 3
  cols: 4
  data: [938.466736, 0.000000, 587.646521, 0.000000, 0.000000, 1136.135742, 360.067742, 0.000000, 0.000000, 0.000000, 1.000000, 0.000000]
