# oST version 5.0 parameters


[image]

width
1280

height
720

[narrow_stereo]

camera matrix
1408.438398 0.000000 585.232154
0.000000 1488.309111 371.545733
0.000000 0.000000 1.000000

distortion
-1.656622 1.951088 0.008087 0.013443 0.000000

rectification
1.000000 0.000000 0.000000
0.000000 1.000000 0.000000
0.000000 0.000000 1.000000

projection
965.813782 0.000000 608.030810 0.000000
0.000000 1316.161499 378.501898 0.000000
0.000000 0.000000 1.000000 0.000000

