# oST version 5.0 parameters


[image]

width
800

height
600

[narrow_stereo]

camera matrix
824.908532 0.000000 384.811138
0.000000 826.289274 277.632252
0.000000 0.000000 1.000000

distortion
0.227736 -0.440012 -0.015631 -0.004654 0.000000

rectification
1.000000 0.000000 0.000000
0.000000 1.000000 0.000000
0.000000 0.000000 1.000000

projection
855.439880 0.000000 381.527266 0.000000
0.000000 852.234192 270.764351 0.000000
0.000000 0.000000 1.000000 0.000000

