image_width: 800
image_height: 600
camera_name: head_camera
camera_matrix:
  rows: 3
  cols: 3
  data: [824.908532, 0.000000, 384.811138, 0.000000, 826.289274, 277.632252, 0.000000, 0.000000, 1.000000]
distortion_model: plumb_bob
distortion_coefficients:
  rows: 1
  cols: 5
  data: [0.227736, -0.440012, -0.015631, -0.004654, 0.000000]
rectification_matrix:
  rows: 3
  cols: 3
  data: [1.000000, 0.000000, 0.000000, 0.000000, 1.000000, 0.000000, 0.000000, 0.000000, 1.000000]
projection_matrix:
  rows: 3
  cols: 4
  data: [855.439880, 0.000000, 381.527266, 0.000000, 0.000000, 852.234192, 270.764351, 0.000000, 0.000000, 0.000000, 1.000000, 0.000000]
